0.000000000000000000e+00
5.981308411214952825e-01
7.369826435246995544e-01
9.412550066755673850e-01
1.068090787716955981e-01
1.909212283044058600e-01
8.010680907877168466e-03
9.345794392523363789e-03
6.034712950600801262e-01
9.639519359145527488e-01
6.074766355140186480e-01
1.388518024032042719e-01
4.899866488651535290e-01
6.194926568758344354e-01
2.910547396528704867e-01
7.650200267022696510e-01
9.359145527369826523e-01
2.696929238985313892e-01
1.201602136181575409e-01
3.631508678237649890e-01
9.732977303070761144e-01
8.411214953271027583e-02
2.202937249666221675e-01
8.958611481975967683e-01
7.289719626168223998e-01
8.638184245660880389e-01
6.982643524699598814e-01
8.718291054739653045e-01
4.312416555407209695e-01
2.002670226969292255e-01
5.246995994659545692e-01
3.578104138851802563e-01
4.352469959946595468e-01
4.699599465954605870e-01
3.351134846461948924e-01
5.287049399198932020e-01
2.029372496662216196e-01
4.939919893190920785e-02
2.510013351134846582e-01
7.142857142857143016e-01
1.161548731642189497e-01
8.371161548731641533e-01
6.288384512683578009e-01
5.740987983978638326e-02
5.327102803738317238e-01
6.008010680907877044e-02
9.559412550066755943e-01
2.096128170894525911e-01
2.830440587449933321e-01
5.674232309746328751e-01
6.675567423230974184e-02
7.850467289719625930e-01
2.056074766355140138e-01
7.076101468624833302e-02
9.826435246995994799e-01
1.762349799732977340e-01
1.094793057409879783e-01
2.576769025367156019e-01
6.889185580774365159e-01
3.831775700934579310e-01
8.144192256341788172e-02
6.114819759679572808e-01
9.746328437917223253e-02
8.931909212283043464e-01
7.957276368491321694e-01
3.538050734312416234e-01
3.084112149532710068e-01
4.272363150867823922e-01
6.275033377837116455e-02
3.871829105473965082e-01
9.105473965287048665e-01
2.803738317757009310e-02
6.061415220293724371e-01
6.688918558077436849e-01
5.367156208277703566e-01
1.708945260347129458e-01
6.582109479305741084e-01
2.149532710280373793e-01
7.757009345794392274e-01
4.846461949265687408e-01
3.898531375166889301e-01
9.439252336448598069e-01
1.602136181575433693e-02
2.109479305740988020e-01
1.121495327102803724e-01
3.564753004005340453e-01
1.535380507343124257e-01
8.691588785046728827e-01
9.078771695594125557e-01
1.335113484646194837e-01
4.993324432576768945e-01
7.663551401869158619e-01
1.628838451268357634e-01
7.463284379172229199e-01
4.606141522029372215e-01
5.353805073431241457e-01
7.690253671562082838e-01
7.009345794392523032e-01
3.431241655540721025e-01
8.678237650200266995e-02
6.782376502002670504e-01
1.829105473965287054e-01
9.572763684913216942e-01
3.938584779706275074e-01
8.544726301735647289e-02
3.204272363150867942e-01
1.081441922563417812e-01
1.495327102803738206e-01
9.652870493991989598e-01
5.927903871829105498e-01
6.088117489986648589e-01
1.321762349799733005e-01
9.118825100133510775e-01
1.508678237650200316e-01
5.166889185580774146e-01
8.731642189586114045e-01
2.523364485981308136e-01
8.865153538050734028e-01
4.512683578104138560e-01
2.817089452603471211e-01
8.317757009345794206e-01
1.615487316421895803e-01
3.858477970627502973e-01
9.919893190921228454e-01
6.742323097463284176e-01
8.064085447263017459e-01
5.847797062750333952e-01
1.668891855807743685e-01
9.612817089452603547e-02
8.945260347129506406e-02
7.209612817089452452e-01
4.966622162883844727e-01
1.735647530040053399e-02
5.140186915887849928e-01
7.449933244325767090e-01
5.073431241655540491e-01
1.815754339118824945e-01
4.886515353805073181e-01
8.024032042723631131e-01
5.033377837116155273e-01
1.869158878504672827e-01
3.124165554072095841e-01
5.180240320427236256e-01
1.695594125500667626e-01
3.911882510013350855e-01
5.687583444592789750e-01
5.340453938584779556e-03
4.459279038718290678e-01
9.132176234979972884e-01
6.408544726301735883e-01
8.077436582109479568e-01
5.300400534045394130e-01
1.655540720961281576e-01
7.476635514018691309e-01
4.833110814419225298e-01
8.157543391188251114e-01
5.447263017356475112e-01
8.144192256341789005e-01
9.719626168224299034e-01
9.532710280373831724e-01
1.522029372496662147e-01
4.472630173564752787e-01
7.022696929238985142e-01
2.176234979973297734e-01
2.777036048064085438e-01
9.185580774365821322e-01
2.403204272363150887e-02
7.556742323097462855e-01
2.990654205607476412e-01
4.299065420560747586e-01
1.401869158878504551e-01
3.444592790387182579e-01
7.743658210947930165e-01
3.070761014686248513e-01
7.116154873164218797e-01
3.644859813084111999e-01
7.476635514018691031e-02
9.038718291054739229e-01
2.897196261682242757e-01
3.751668891855807764e-01
8.985313751668891902e-01
6.355140186915887446e-01
9.198931909212282321e-01
1.882510013351134659e-01
3.311081441922563151e-01
8.811748998664886701e-02
1.188251001335113438e-01
2.336448598130841103e-01
4.005340453938584511e-01
2.242990654205607448e-01
9.599465954606141160e-01
1.001335113484646128e-01
4.539385847797062778e-01
2.269692923898531389e-01
6.101468624833110699e-01
6.208277703604806463e-01
8.477970627503337298e-01
2.630173564753003901e-01
6.568758344459278975e-01
8.785046728971962482e-01
8.170894526034713223e-01
4.499332443257677006e-01
9.679572763684912706e-01
9.546061415220293833e-01
2.750333778371161220e-01
3.684913217623497772e-01
5.567423230974632986e-01
7.783711615487316493e-01
6.809078771695593890e-02
7.236315086782376671e-01
6.542056074766354756e-01
9.345794392523364136e-02
5.393858477970627785e-01
8.531375166889185735e-01
4.285714285714285476e-01
4.539385847797062362e-02
3.150867823765020059e-01
5.086782376502002601e-01
1.375166889185580610e-01
3.471295060080106798e-02
6.955941255006675705e-01
3.778371161548731427e-01
2.963951935914552749e-01
3.497997329773030462e-01
4.672897196261682068e-02
6.488651535380507429e-01
4.926568758344458954e-01
2.550066755674232355e-01
1.054739652870494010e-01
2.256341789052069280e-01
8.277703604806407878e-02
1.108144192256341753e-01
5.967957276368490716e-01
8.210947930574098441e-01
5.821094793057409733e-01
3.137516688918557950e-01
2.136181575433911961e-01
7.196261682242990343e-01
3.177570093457943723e-01
3.190921228304405832e-01
7.583444592790387073e-01
3.217623497997329496e-01
5.273698264352469911e-01
9.092122830440587666e-01
1.228304405874499350e-01
6.915887850467289377e-01
6.622162883845126302e-01
9.839786381842455798e-01
6.154873164218958026e-01
9.172229639519359212e-01
2.002670226969292464e-02
2.803738317757009102e-01
7.823765020026701711e-01
6.702269692923897848e-01
1.295060080106809064e-01
3.885180240320427192e-01
7.770360480640854384e-01
2.469959946595460532e-01
2.670226969292389951e-02
7.676902536715620728e-01
7.877169559412550148e-01
7.356475300400533435e-01
1.028037383177570069e-01
1.562082777036047920e-01
8.945260347129505574e-01
9.519359145527369614e-01
3.551401869158878344e-01
1.895861148197596768e-01
6.542056074766354479e-02
6.475300400534045320e-01
6.849132176234979941e-01
2.216288384512683507e-01
8.251001335113484769e-01
2.603471295060080237e-01
3.257676902536715269e-01
2.323097463284378994e-01
1.789052069425901281e-01
7.076101468624832469e-01
3.110814419225634286e-01
6.995994659546060923e-01
5.540720961281708767e-01
9.879839786381842126e-01
3.765020026702269318e-01
9.319092122830440195e-01
3.791722296395193537e-01
3.457943925233644689e-01
9.906542056074766345e-01
5.433911882510013003e-01
3.845126835781041419e-01
1.869158878504672758e-02
4.552736982643524333e-01
7.169559412550066124e-01
9.879839786381841571e-02
9.465954606141522287e-01
8.998664886515354011e-01
9.506008010680907505e-01
3.951935914552736628e-01
8.571428571428570953e-01
3.471295060080106798e-01
3.991989319092122956e-01
3.591455273698264117e-01
5.740987983978638187e-01
4.032042723631508729e-01
9.692923898531374816e-01
2.656875834445927564e-01
4.178905206942590267e-01
4.085447263017356612e-01
9.612817089452603270e-01
7.089452603471294578e-01
9.666221628838450597e-01
8.611481975967957281e-01
5.887850467289719170e-01
2.670226969292389778e-03
7.396528704939919763e-01
5.046728971962616273e-01
8.277703604806407878e-01
4.218958611481976040e-01
8.264352469959946879e-01
4.245660881174899703e-01
2.536715620827770246e-01
8.664886515353804608e-01
5.607476635514018204e-01
4.018691588785046620e-01
1.000000000000000000e+00
2.723631508678237556e-01
4.913217623497997399e-01
4.672897196261682207e-01
8.010680907877169021e-01
5.620827770360480313e-01
6.862483311081442050e-01
4.405874499332443350e-01
2.389853137516688986e-01
6.755674232309746285e-01
5.113484646194926819e-01
5.500667556742322439e-01
2.616822429906541791e-01
8.825100133511347700e-01
3.097463284379172177e-01
3.738317757009345654e-01
4.526034712950600669e-01
7.636849132176234400e-01
7.997329773030706912e-01
2.736982643524699665e-01
7.383177570093457653e-01
4.859813084112149517e-01
9.292389853137515976e-01
4.619492656875834324e-01
3.017356475300400631e-01
5.874499332443257060e-01
2.590120160213618128e-01
2.296395193591455330e-01
2.443257676902536590e-01
7.797062750333778602e-01
2.429906542056074759e-01
3.711615487316421991e-01
8.464619492656875188e-01
9.452603471295060178e-01
7.409879839786381872e-01
5.233644859813083583e-01
3.030707610146862185e-01
2.883845126835781203e-01
5.660881174899866641e-01
2.363150867823765044e-01
5.554072096128170877e-01
6.675567423230974740e-01
8.905206942590120356e-01
9.586114819759679051e-01
2.937249666221628669e-02
8.851802403204271918e-01
5.861148197596796061e-01
4.939919893190921063e-01
8.744993324432576154e-01
1.134846461949265695e-01
2.536715620827770246e-02
6.261682242990653791e-01
5.006675567423231055e-01
7.930574098798397475e-01
9.893190921228304235e-01
2.790387182910547548e-01
1.975967957276368314e-01
7.276368491321761889e-01
3.871829105473965221e-02
5.407209612817088784e-01
8.518024032042723626e-01
2.977303070761014858e-01
4.979973297730306836e-01
2.189586114819759566e-01
8.384512683578103642e-01
6.875834445927904159e-01
2.857142857142856984e-01
6.769025367156208395e-01
3.925233644859812965e-01
8.971962616822429792e-01
8.411214953271027861e-01
3.271028037383177378e-01
7.863818424566088039e-01
2.162883845126835625e-01
4.726301735647530089e-01
4.325767690253671249e-01
9.012016021361815010e-01
9.799732977303070580e-01
2.136181575433911822e-02
7.102803738317756688e-01
9.305740987983978085e-01
3.230974632843791605e-01
3.724966622162883545e-01
2.937249666221628530e-01
1.068090787716955911e-02
8.678237650200266717e-01
9.946595460614151563e-01
5.020026702269693164e-01
6.715620827770359957e-01
4.165554072096128158e-01
7.530040053404538636e-01
6.822429906542055722e-01
6.275033377837115900e-01
1.428571428571428492e-01
2.016021361815754365e-01
5.580774365821095095e-01
4.138851802403203939e-02
4.138851802403203939e-01
3.965287049399198738e-01
5.634178905206942423e-01
5.647530040053404532e-01
4.819759679572763744e-01
9.986648865153537891e-01
8.624833110814419390e-01
6.528704939919892647e-01
4.339118825100133359e-01
5.420560747663550893e-01
1.748998664886515231e-01
1.201602136181575443e-02
2.403204272363150817e-01
8.037383177570093240e-01
9.399198931909211741e-01
1.949265687583444651e-01
6.635514018691588412e-01
3.391188251001335252e-01
1.682242990654205517e-01
4.632843791722296434e-01
4.432576769025367014e-01
6.141522029372496749e-02
6.328437917222963227e-01
5.914552736982643388e-01
9.065420560747663448e-01
5.941255006675567607e-01
3.524699599465954680e-01
4.259012016021361813e-01
8.010680907877169854e-02
4.379172229639519132e-01
6.008010680907877044e-01
6.421895861148196882e-01
2.376502002670226876e-01
6.048064085447263372e-01
2.496662216288384473e-01
2.923898531375166976e-01
5.473965287049399331e-01
4.005340453938584233e-03
8.878504672897196137e-01
6.128170894526034918e-01
5.767690253671562406e-01
5.994659546061414934e-01
9.813084112149532690e-01
8.184245660881174222e-01
7.743658210947930443e-02
2.349799732977302935e-01
3.618157543391188335e-01
6.234979973297730682e-01
1.842456608811748886e-01
9.078771695594124724e-02
6.395193591455273774e-01
4.793057409879839526e-01
1.735647530040053399e-01
8.504672897196261516e-01
2.069425901201601969e-01
6.341789052069425336e-01
4.739652870493991643e-01
2.710280373831775447e-01
4.125500667556742385e-01
7.436582109479304981e-01
5.794392523364485514e-01
7.129506008010680906e-01
8.130841121495326895e-01
6.448598130841121101e-01
6.461949265687583210e-01
9.959946595460613672e-01
5.874499332443257338e-02
4.365821094793057022e-01
4.712950600801067980e-01
1.722296395193591290e-01
5.527369826435246658e-01
9.479305740987983842e-02
4.579439252336448551e-01
5.727636849132176078e-01
9.145527369826434994e-01
1.268357810413885123e-01
3.284379172229639487e-01
6.301735647530040119e-01
3.978638184245660847e-01
6.662216288384512630e-01
5.206942590120160474e-01
6.942590120160213596e-02
7.249666221628838780e-01
1.922563417890520709e-01
5.954606141522029716e-01
9.746328437917222143e-01
8.424566088117489970e-01
3.244325767690253715e-01
4.192256341789051821e-01
7.489986648865153418e-01
1.481975967957276374e-01
1.308411214953270896e-01
3.818424566088117200e-01
6.368491321762349555e-01
5.473965287049398915e-02
4.566088117489986442e-01
7.716955941255005946e-01
3.337783711615487370e-01
7.917222963951935366e-01
6.929238985313751487e-01
6.942590120160213596e-01
8.104138851802402677e-01
3.404539385847796806e-01
1.148197596795727665e-01
2.416555407209612649e-01
6.795727636849131503e-01
8.344459279038718424e-01
1.214953271028037379e-01
7.049399198931909361e-01
6.595460614152203194e-01
3.044058744993324295e-01
5.594125500667556095e-01
8.584779706275033062e-01
6.181575433911882245e-01
6.221628838451268573e-01
6.648865153538050521e-01
1.241655540720961182e-01
4.873164218958611071e-01
4.485981308411214896e-01
3.204272363150867386e-02
3.297730307076101597e-01
9.479305740987983286e-01
8.798397863818424591e-01
7.329773030707610326e-01
7.263017356475299779e-01
9.759679572763684252e-01
6.502002670226969538e-01
1.642189586114819744e-01
7.316421895861148217e-01
6.728971962616822067e-01
7.343124165554072436e-01
1.415220293724966660e-01
4.419225634178904905e-01
5.607476635514018620e-02
3.604806408544726504e-02
4.659546061415220097e-01
4.806408544726301774e-02
7.623497997329772291e-01
2.563417890520693909e-01
9.238985313751668649e-01
2.042723631508678306e-01
4.646194926568757988e-01
5.126835781041387818e-01
5.380507343124165676e-01
1.281708945260346955e-01
7.062750333778371470e-01
7.543391188251000745e-01
7.570093457943924964e-01
4.112149532710280275e-01
9.425901201602135959e-01
8.838451268357809809e-01
9.052069425901201338e-01
8.771695594125500373e-01
9.933244325767689453e-01
1.588785046728971861e-01
5.100133511348464710e-01
4.072096128170894502e-01
7.703604806408544947e-01
9.252336448598130758e-01
8.050734312416555349e-01
7.943925233644859585e-01
5.901201602136181279e-01
8.451268357810414189e-01
7.903871829105473257e-01
8.811748998664886701e-01
1.989319092122830424e-01
7.423230974632843981e-01
7.036048064085447251e-01
4.045393858477970284e-01
6.555407209612816866e-01
9.385847797062749631e-01
7.209612817089453007e-02
9.866488651535380017e-01
4.232309746328437594e-01
5.700934579439251859e-01
6.515353805073430538e-01
9.706275033377836925e-01
3.738317757009345516e-02
3.484646194926568907e-01
2.843791722296394875e-01
5.260347129506007802e-01
3.698264352469959881e-01
1.255006675567423291e-01
1.935914552736982541e-01
6.408544726301734773e-02
2.950600801068090639e-01
1.348464619492656946e-01
1.174899866488651468e-01
1.441922563417890601e-01
8.544726301735647844e-01
9.853137516688917907e-01
8.704939919893190936e-01
7.810413885180239602e-01
6.809078771695593613e-01
5.340453938584779903e-02
4.779706275033377971e-01
8.758344459279038263e-01
3.337783711615487092e-02
7.182910547396528234e-01
5.807743658210947624e-01
6.141522029372497027e-01
3.805073431241655646e-01
8.237650200267022660e-01
5.073431241655540491e-02
4.272363150867823645e-02
9.626168224299065379e-01
6.675567423230974878e-03
6.168224299065420135e-01
1.575433911882510030e-01
6.969292389853137815e-01
6.381842456608811665e-01
4.405874499332443350e-02
8.331108144192256315e-01
4.953271028037383172e-01
1.548731642189586089e-01
4.152202937249666048e-01
8.491321762349799407e-01
7.222963951935914562e-01
5.313751668891855129e-01
5.487316421895861440e-01
6.435246995994658992e-01
7.610146862483310737e-02
7.156208277703605125e-01
1.041388518024032039e-01
5.060080106809078382e-01
5.834445927903871842e-01
9.212283044058744430e-02
5.193591455273698365e-01
6.248331108144191681e-01
3.417890520694258916e-01
5.754339118825100297e-01
8.598130841121495171e-01
8.918558077436581355e-01
1.962616822429906482e-01
2.683578104138851783e-01
6.608811748998664193e-01
8.224299065420560551e-01
7.837116154873163820e-01
3.671562082777036218e-01
8.357810413885180534e-01
3.057409879839786404e-01
5.206942590120160197e-02
5.460614152202937222e-01
5.781041388518023405e-01
6.902536715620827268e-01
3.364485981308411033e-01
8.891855807743658247e-01
4.445927903871829123e-01
2.763684913217623329e-01
5.340453938584779348e-01
2.082777036048064079e-01
3.377837116154873143e-01
3.004005340453938522e-01
3.324432576769025260e-01
4.205607476635513930e-01
1.361815754339118778e-01
1.775700934579439172e-01
5.714285714285713969e-01
4.686248331108144316e-01
4.766355140186915862e-01
3.511348464619492571e-01
8.090787716955940567e-01
3.658210947930574108e-01
4.806408544726301635e-01
8.291054739652869987e-01
9.225634178905206539e-01
9.158878504672897103e-01
7.730307076101468056e-01
5.153538050734312037e-01
2.309746328437917162e-01
9.212283044058744430e-01
8.437917222963952080e-01
7.303070761014686108e-01
7.503337783711615527e-01
8.117489986648864786e-01
6.315086782376502228e-01
7.343124165554071325e-02
4.058744993324432393e-01
2.670226969292389674e-01
4.098798397863818166e-01
7.877169559412550148e-02
1.468624833110814265e-01
8.397863818424565752e-01
3.070761014686248375e-02
7.983978638184245913e-01
2.283044058744993221e-01
7.596795727636849183e-01
7.516688918558077637e-01
8.558077436582108843e-01
4.592790387182910661e-01
8.197596795727636332e-01
9.492656875834445396e-01
2.870493991989319094e-01
5.514018691588784549e-01
7.970627503337783804e-01
1.468624833110814334e-02
9.345794392523364413e-01
1.802403204272363113e-01
1.455273698264352433e-01
1.014686248331108098e-01
6.021361815754339153e-01
1.602136181575433971e-01
2.269692923898531181e-02
2.456608811748998700e-01
5.220293724966621474e-01
8.651535380507342499e-01
7.610146862483311292e-01
6.835781041388517831e-01
4.753004005340453753e-01
2.483311081441922363e-01
3.164218958611481614e-01
4.392523364485981241e-01
1.335113484646194889e-03
9.025367156208277120e-01
1.335113484646194976e-02
2.122830440587449852e-01
2.229639519359145339e-01
1.855807743658210995e-01
9.786381842456608471e-01
7.890520694259012258e-01
8.304405874499332096e-01
3.604806408544726226e-01
9.372496662216288632e-01
4.005340453938584927e-02
2.643524699599466010e-01
9.265687583444592867e-01
9.773030707610146361e-01
9.973297730307075781e-01
9.332443257676902304e-01
9.279038718291054977e-01
